2017D190	2017年07月16日	883	19	
2017D191	2017年07月17日	567	18	
2017D192	2017年07月18日	406	10	
2017D193	2017年07月19日	352	10	
2017D194	2017年07月20日	466	16	
2017D195	2017年07月21日	686	20	
2017D196	2017年07月22日	174	12	
2017D197	2017年07月23日	681	15	
2017D198	2017年07月24日	703	10	
2017D199	2017年07月25日	367	16	
2017D200	2017年07月26日	827	17	
2017D201	2017年07月27日	358	16	
2017D202	2017年07月28日	996	24	
2017D203	2017年07月29日	070	7	
2017D204	2017年07月30日	053	8	
2017D205	2017年07月31日	770	14	
2017D206	2017年08月01日	344	11	
2017D207	2017年08月02日	331	7	
2017D208	2017年08月03日	822	12	
2017D209	2017年08月04日	354	12	
2017D210	2017年08月05日	256	13	
2017D211	2017年08月06日	124	7	
2017D212	2017年08月07日	716	14	
2017D213	2017年08月08日	986	23	
2017D214	2017年08月09日	313	7	
2017D215	2017年08月10日	369	18	
2017D216	2017年08月11日	063	9	
2017D217	2017年08月12日	812	11	
2017D218	2017年08月13日	911	11	
2017D219	2017年08月14日	513	9	
2017D220	2017年08月15日	287	17	
2017D221	2017年08月16日	857	20	
2017D222	2017年08月17日	731	11	
2017D223	2017年08月18日	778	22	
2017D224	2017年08月19日	265	13	
2017D225	2017年08月20日	801	9	
2017D226	2017年08月21日	903	12	
2017D227	2017年08月22日	885	21	
2017D228	2017年08月23日	535	13	
2017D229	2017年08月24日	707	14	
2017D230	2017年08月25日	598	22	
2017D231	2017年08月26日	748	19	
2017D232	2017年08月27日	091	10	
2017D233	2017年08月28日	952	16	
2017D234	2017年08月29日	895	22	
2017D235	2017年08月30日	362	11	
2017D236	2017年08月31日	937	19	
2017D237	2017年09月01日	135	9	
2017D238	2017年09月02日	517	13	
2017D239	2017年09月03日	389	20	
2017D240	2017年09月04日	591	15	
2017D241	2017年09月05日	664	16	
2017D242	2017年09月06日	237	12	
2017D243	2017年09月07日	751	13	
2017D244	2017年09月08日	048	12	
2017D245	2017年09月09日	284	14	
2017D246	2017年09月10日	778	22	
2017D247	2017年09月11日	370	10	
2017D248	2017年09月12日	856	19	
2017D249	2017年09月13日	302	5	
2017D250	2017年09月14日	142	7	
2017D251	2017年09月15日	951	15	
2017D252	2017年09月16日	387	18	
2017D253	2017年09月17日	326	11	
2017D254	2017年09月18日	639	18	
2017D255	2017年09月19日	521	8	
2017D256	2017年09月20日	362	11	
2017D257	2017年09月21日	234	9	
2017D258	2017年09月22日	361	10	
2017D259	2017年09月23日	481	13	
2017D260	2017年09月24日	095	14	
2017D261	2017年09月25日	686	20	
2017D262	2017年09月26日	912	12	
2017D263	2017年09月27日	672	15	
2017D264	2017年09月28日	933	15	
2017D265	2017年09月29日	372	12	
2017D266	2017年09月30日	203	5	
2017D267	2017年10月01日	770	14	
2017D268	2017年10月02日	578	20	
2017D269	2017年10月03日	938	20	
2017D270	2017年10月04日	135	9	
2017D271	2017年10月05日	428	14	
2017D272	2017年10月06日	934	16	
2017D273	2017年10月07日	267	15	
2017D274	2017年10月08日	944	17	
2017D275	2017年10月09日	898	25	
2017D276	2017年10月10日	887	23	
2017D277	2017年10月11日	557	17	
2017D278	2017年10月12日	902	11	
2017D279	2017年10月13日	453	12	
2017D280	2017年10月14日	658	19	
2017D281	2017年10月15日	609	15	
2017D282	2017年10月16日	568	19	
2017D283	2017年10月17日	355	13	
2017D284	2017年10月18日	131	5	
2017D285	2017年10月19日	434	11	
2017D286	2017年10月20日	512	8	
2017D287	2017年10月21日	285	15	
2017D288	2017年10月22日	300	3	
2017D289	2017年10月23日	236	11	
2017D290	2017年10月24日	285	15	
2017D291	2017年10月25日	765	18	
2017D292	2017年10月26日	715	13	
2017D293	2017年10月27日	669	21	
2017D294	2017年10月28日	757	19	
2017D295	2017年10月29日	723	12	
2017D296	2017年10月30日	959	23	
2017D297	2017年10月31日	462	12	
2017D298	2017年11月01日	218	11	
2017D299	2017年11月02日	921	12	
2017D300	2017年11月03日	050	5	
2017D301	2017年11月04日	391	13	
2017D302	2017年11月05日	241	7	
2017D303	2017年11月06日	497	20	
2017D304	2017年11月07日	109	10	
2017D305	2017年11月08日	420	6	
2017D306	2017年11月09日	817	16	
2017D307	2017年11月10日	517	13	
2017D308	2017年11月11日	710	8	
2017D309	2017年11月12日	879	24	
2017D310	2017年11月13日	136	10	
2017D311	2017年11月14日	979	25	
2017D312	2017年11月15日	114	6	
2017D313	2017年11月16日	232	7	
2017D314	2017年11月17日	300	3	
2017D315	2017年11月18日	791	17	
2017D316	2017年11月19日	723	12	
2017D317	2017年11月20日	771	15	
2017D318	2017年11月21日	856	19	
2017D319	2017年11月22日	105	6	
2017D320	2017年11月23日	543	12	
2017D321	2017年11月24日	188	17	
2017D322	2017年11月25日	419	14	
2017D323	2017年11月26日	280	10	
2017D324	2017年11月27日	637	16	
2017D325	2017年11月28日	406	10	
2017D326	2017年11月29日	490	13	
2017D327	2017年11月30日	351	9	
2017D328	2017年12月01日	030	3	
2017D329	2017年12月02日	913	13	
2017D330	2017年12月03日	430	7	
2017D331	2017年12月04日	782	17	
2017D332	2017年12月05日	804	12	
2017D333	2017年12月06日	442	10	
2017D334	2017年12月07日	905	14	
2017D335	2017年12月08日	705	12	
2017D336	2017年12月09日	775	19	
2017D337	2017年12月10日	444	12	
2017D338	2017年12月11日	901	10	
2017D339	2017年12月12日	853	16	
2017D340	2017年12月13日	714	12	
2017D341	2017年12月14日	162	9	
2017D342	2017年12月15日	960	15	
2017D343	2017年12月16日	861	15	
2017D344	2017年12月17日	698	23	
2017D345	2017年12月18日	173	11	
2017D346	2017年12月19日	861	15	
2017D347	2017年12月20日	666	18	
2017D348	2017年12月21日	311	5	
2017D349	2017年12月22日	537	15	
2017D350	2017年12月23日	726	15	
2017D351	2017年12月24日	109	10	
2017D352	2017年12月25日	855	18	
2017D353	2017年12月26日	094	13	
2017D354	2017年12月27日	294	15	
2017D355	2017年12月28日	031	4	
2017D356	2017年12月29日	647	17	
2017D357	2017年12月30日	665	17	
2017D358	2017年12月31日	612	9	
2018D001	2018年01月01日	326	11	
2018D002	2018年01月02日	928	19	
2018D003	2018年01月03日	736	16	
2018D004	2018年01月04日	393	15	
2018D005	2018年01月05日	828	18	
2018D006	2018年01月06日	720	9	
2018D007	2018年01月07日	021	3	
2018D008	2018年01月08日	583	16	
2018D009	2018年01月09日	813	12	
2018D010	2018年01月10日	858	21	
2018D011	2018年01月11日	078	15	
2018D012	2018年01月12日	891	18	
2018D013	2018年01月13日	746	17	
2018D014	2018年01月14日	084	12	
2018D015	2018年01月15日	875	20	
2018D016	2018年01月16日	401	5	
2018D017	2018年01月17日	659	20	
2018D018	2018年01月18日	810	9	
2018D019	2018年01月19日	179	17	
2018D020	2018年01月20日	749	20	
2018D021	2018年01月21日	272	11	
2018D022	2018年01月22日	992	20	
2018D023	2018年01月23日	102	3	
2018D024	2018年01月24日	664	16	
2018D025	2018年01月25日	647	17	
2018D026	2018年01月26日	932	14	
2018D027	2018年01月27日	973	19	
2018D028	2018年01月28日	828	18	
2018D029	2018年01月29日	313	7	
2018D030	2018年01月30日	682	16	
2018D031	2018年01月31日	328	13	
2018D032	2018年02月01日	712	10	
2018D033	2018年02月02日	767	20	
2018D034	2018年02月03日	676	19	
2018D035	2018年02月04日	856	19	
2018D036	2018年02月05日	365	14	
2018D037	2018年02月06日	695	20	
2018D038	2018年02月07日	859	22	
2018D039	2018年02月08日	706	13	
2018D040	2018年02月09日	684	18	
2018D041	2018年02月10日	651	12	
2018D042	2018年02月11日	131	5	
2018D043	2018年02月12日	527	14	
2018D044	2018年02月13日	902	11	
2018D045	2018年02月14日	203	5	
2018D046	2018年02月22日	347	14	
2018D047	2018年02月23日	558	18	
2018D048	2018年02月24日	693	18	
2018D049	2018年02月25日	541	10	
2018D050	2018年02月26日	875	20	
2018D051	2018年02月27日	620	8	
2018D052	2018年02月28日	369	18	
2018D053	2018年03月01日	154	10	
2018D054	2018年03月02日	325	10	
2018D055	2018年03月03日	160	7	
2018D056	2018年03月04日	908	17	
2018D057	2018年03月05日	977	23	
2018D058	2018年03月06日	723	12	
2018D059	2018年03月07日	947	20	
2018D060	2018年03月08日	767	20	
2018D061	2018年03月09日	525	12	
2018D062	2018年03月10日	792	18	
2018D063	2018年03月11日	613	10	
2018D064	2018年03月12日	339	15	
2018D065	2018年03月13日	848	20	
2018D066	2018年03月14日	095	14	
2018D067	2018年03月15日	858	21	
2018D068	2018年03月16日	448	16	
2018D069	2018年03月17日	119	11	
2018D070	2018年03月18日	567	18	
2018D071	2018年03月19日	779	23	
2018D072	2018年03月20日	473	14	
2018D073	2018年03月21日	275	14	
2018D074	2018年03月22日	815	14	
2018D075	2018年03月23日	861	15	
2018D076	2018年03月24日	785	20	
2018D077	2018年03月25日	246	12	
2018D078	2018年03月26日	616	13	
2018D079	2018年03月27日	369	18	
2018D080	2018年03月28日	879	24	
2018D081	2018年03月29日	758	20	
2018D082	2018年03月30日	549	18	
2018D083	2018年03月31日	266	14	
2018D084	2018年04月01日	519	15	
2018D085	2018年04月02日	903	12	
2018D086	2018年04月03日	186	15	
2018D087	2018年04月04日	513	9	
2018D088	2018年04月05日	099	18	
2018D089	2018年04月06日	668	20	
2018D090	2018年04月07日	671	14	
2018D091	2018年04月08日	102	3	
2018D092	2018年04月09日	231	6	
2018D093	2018年04月10日	209	11	
2018D094	2018年04月11日	136	10	
2018D095	2018年04月12日	241	7	
2018D096	2018年04月13日	243	9	
2018D097	2018年04月14日	038	11	
2018D098	2018年04月15日	665	17	
2018D099	2018年04月16日	919	19	
2018D100	2018年04月17日	270	9	
2018D101	2018年04月18日	345	12	
2018D102	2018年04月19日	573	15	
2018D103	2018年04月20日	222	6	
2018D104	2018年04月21日	717	15	
2018D105	2018年04月22日	847	19	
2018D106	2018年04月23日	336	12	
2018D107	2018年04月24日	663	15	
2018D108	2018年04月25日	692	17	
2018D109	2018年04月26日	218	11	
2018D110	2018年04月27日	940	13	
2018D111	2018年04月28日	720	9	
2018D112	2018年04月29日	955	19	
2018D113	2018年04月30日	615	12	
2018D114	2018年05月01日	441	9	
2018D115	2018年05月02日	999	27	
2018D116	2018年05月03日	003	3	
2018D117	2018年05月04日	043	7	
2018D118	2018年05月05日	930	12	
2018D119	2018年05月06日	978	24	
2018D120	2018年05月07日	498	21	
2018D121	2018年05月08日	761	14	
2018D122	2018年05月09日	181	10	
2018D123	2018年05月10日	906	15	
2018D124	2018年05月11日	689	23	
2018D125	2018年05月12日	832	13	
2018D126	2018年05月13日	361	10	
2018D127	2018年05月14日	020	2	
2018D128	2018年05月15日	033	6	
2018D129	2018年05月16日	356	14	
2018D130	2018年05月17日	245	11	
2018D131	2018年05月18日	297	18	
2018D132	2018年05月19日	966	21	
2018D133	2018年05月20日	691	16	
2018D134	2018年05月21日	617	14	
2018D135	2018年05月22日	698	23	
2018D136	2018年05月23日	643	13	
2018D137	2018年05月24日	537	15	
2018D138	2018年05月25日	068	14	
2018D139	2018年05月26日	447	15	
2018D140	2018年05月27日	133	7	
2018D141	2018年05月28日	536	14	
2018D142	2018年05月29日	937	19	
2018D143	2018年05月30日	454	13	
2018D144	2018年05月31日	091	10	
2018D145	2018年06月01日	386	17	
2018D146	2018年06月02日	569	20	
2018D147	2018年06月03日	636	15	
2018D148	2018年06月04日	087	15	
2018D149	2018年06月05日	923	14	
2018D150	2018年06月06日	335	11	
2018D151	2018年06月07日	514	10	
2018D152	2018年06月08日	258	15	
2018D153	2018年06月09日	329	14	
2018D154	2018年06月10日	669	21	
2018D155	2018年06月11日	289	19	
2018D156	2018年06月12日	324	9	
2018D157	2018年06月13日	022	4	
2018D158	2018年06月14日	363	12	
2018D159	2018年06月15日	340	7	
2018D160	2018年06月16日	477	18	
2018D161	2018年06月17日	794	20	
2018D162	2018年06月18日	137	11	
2018D163	2018年06月19日	869	23	
2018D164	2018年06月20日	157	13	
2018D165	2018年06月21日	902	11	
2018D166	2018年06月22日	941	14	
2018D167	2018年06月23日	489	21	
2018D168	2018年06月24日	174	12	
2018D169	2018年06月25日	530	8	
2018D170	2018年06月26日	117	9	
2018D171	2018年06月27日	819	18	
2018D172	2018年06月28日	513	9	
2018D173	2018年06月29日	463	13	
2018D174	2018年06月30日	886	22	
2018D175	2018年07月01日	338	14	
2018D176	2018年07月02日	235	10	
2018D177	2018年07月03日	102	3	
2018D178	2018年07月04日	336	12	
2018D179	2018年07月05日	724	13	
2018D180	2018年07月06日	761	14	
2018D181	2018年07月07日	498	21	
2018D182	2018年07月08日	329	14	
2018D183	2018年07月09日	359	17	
2018D184	2018年07月10日	473	14	
2018D185	2018年07月11日	570	12	
2018D186	2018年07月12日	141	6	
2018D187	2018年07月13日	807	15	
2018D188	2018年07月14日	048	12	
2018D189	2018年07月15日	760	13	
